0 15
0 8
0 11
0 11
0 16
0 20
0 8
0 26
0 20
0 8
0 1
0 8
0 22
0 5
0 11
0 4
0 15
0 23
0 4
0 26
0 10
0 16
0 13
0 8
0 5
0 10
0 7
0 21
0 7
0 7
0 26
0 15
0 23
0 21
0 13
0 13
0 13
0 4
0 21
0 9
0 11
0 5
0 23
0 11
0 21
0 12
0 8
0 21
0 2
0 10
0 25
0 23
0 1
0 18
0 20
0 16
0 25
0 27
0 21
0 11
0 22
0 25
0 8
0 26
0 16
0 7
0 26
0 18
0 13
0 15
0 22
0 18
1 23
1 15
1 27
1 11
1 6
1 5
1 0
1 15
1 22
1 28
1 0
1 8
1 10
1 18
1 11
1 5
1 19
1 2
1 0
1 9
1 6
1 4
1 2
1 8
1 0
1 10
1 21
1 11
1 4
1 2
1 9
1 15
1 7
1 15
1 12
1 19
1 6
1 8
1 28
1 2
1 15
1 21
1 4
1 18
1 13
1 2
1 7
1 9
1 0
1 8
1 9
1 6
1 6
1 9
1 11
1 14
1 4
1 9
1 21
1 12
1 20
1 10
1 13
1 12
1 20
1 3
1 8
1 3
1 7
1 18
1 15
1 13
1 9
1 9
1 10
1 27
1 15
1 12
1 10
1 18
1 10
1 6
1 5
1 20
1 0
1 0
1 21
1 5
1 21
1 26
1 19
1 19
1 12
1 15
1 4
1 15
1 21
1 28
1 28
1 18
1 0
1 4
1 7
1 7
1 3
1 19
1 26
1 27
1 9
1 3
1 7
1 15
1 20
1 8
1 15
1 13
1 14
1 21
1 28
1 9
1 3
1 5
1 28
1 0
1 4
2 8
2 6
2 20
2 10
2 5
2 25
2 8
2 7
2 3
2 1
2 22
2 5
2 6
2 10
2 17
2 10
2 10
2 28
2 10
2 19
2 3
2 7
2 1
2 7
2 6
2 8
2 1
2 7
2 8
2 7
2 10
2 0
2 6
2 6
2 3
2 27
2 23
2 5
2 3
2 6
2 7
2 15
3 1
3 2
3 28
3 1
3 7
3 2
3 7
3 27
3 27
3 9
3 4
3 10
3 9
3 9
3 9
3 6
3 1
3 1
3 7
3 4
3 7
3 15
3 20
3 1
3 1
3 20
3 8
3 1
3 13
3 1
3 10
3 8
3 6
3 5
3 9
3 4
3 7
3 1
3 7
3 27
3 22
3 22
3 28
3 28
3 23
3 28
3 28
3 1
3 6
3 2
3 27
3 27
3 9
3 1
3 5
3 2
3 2
3 1
4 18
4 22
4 6
4 5
4 11
4 0
4 13
4 10
4 7
4 28
4 22
4 11
4 28
4 6
4 1
4 14
4 13
4 14
4 10
4 6
4 27
4 20
4 0
4 0
4 0
4 14
4 3
4 23
4 15
4 22
4 5
4 27
4 1
4 3
4 10
4 18
4 3
4 28
4 21
4 1
4 18
4 20
4 0
4 1
4 14
4 0
4 7
4 17
4 7
4 3
4 7
4 0
4 7
4 8
4 3
4 15
4 1
4 15
4 1
4 9
4 11
4 9
4 15
4 18
4 21
4 14
4 28
4 18
4 10
4 7
4 0
4 5
4 26
4 27
4 21
4 9
4 28
4 7
4 1
4 27
4 13
4 18
4 10
4 8
4 1
4 7
4 22
4 21
4 7
4 1
4 26
4 13
4 15
4 10
4 20
4 1
4 18
4 8
4 11
4 15
4 8
4 0
4 1
4 7
4 0
4 14
4 21
5 6
5 1
5 2
5 25
5 10
5 23
5 28
5 4
5 20
5 19
5 28
5 23
5 16
5 6
5 21
5 0
5 23
5 23
5 23
5 12
5 19
5 11
5 20
5 4
5 20
5 11
5 16
5 1
5 6
5 3
5 9
5 23
5 26
5 26
5 1
5 21
5 10
5 9
5 26
5 20
5 1
5 22
5 20
5 6
5 8
5 10
5 1
5 23
5 2
6 5
6 4
6 5
6 2
6 10
6 24
6 3
6 1
6 24
6 8
6 7
6 5
6 8
6 2
6 9
6 3
6 10
6 8
6 10
6 10
6 1
6 8
6 7
6 8
6 10
6 1
6 5
6 3
6 7
6 10
6 20
6 5
6 8
6 9
6 1
6 3
6 2
6 7
6 10
7 19
7 13
7 28
7 14
7 22
7 15
7 13
7 24
7 19
7 8
7 2
7 4
7 28
7 1
7 3
7 11
7 16
7 13
7 21
7 13
7 25
7 24
7 10
7 5
7 13
7 27
7 14
7 21
7 0
7 14
7 10
7 4
7 18
7 4
7 18
7 20
7 6
7 27
7 26
7 12
7 18
7 27
7 12
7 18
7 25
7 16
7 14
7 1
7 15
7 16
7 27
7 4
7 11
7 28
7 26
7 12
7 10
7 1
7 27
7 14
7 20
7 13
7 10
7 13
7 1
7 2
7 22
7 16
7 11
7 24
7 11
7 19
7 18
7 27
7 14
7 21
7 17
7 8
7 17
7 4
7 3
7 4
7 3
7 15
7 15
7 23
7 1
7 18
7 18
7 17
7 15
7 1
7 1
7 13
7 23
7 12
7 13
7 14
7 2
7 23
7 18
7 22
7 0
7 11
7 23
7 27
7 16
7 22
7 23
7 26
7 1
7 21
7 25
7 28
7 4
7 23
7 25
7 18
7 24
7 22
7 4
7 26
7 19
7 22
7 19
7 21
7 14
7 16
7 1
7 3
7 27
7 13
7 12
7 6
7 10
7 24
7 18
7 2
7 6
7 10
7 5
7 8
7 17
7 4
7 0
7 14
7 6
7 2
7 15
7 20
8 15
8 0
8 2
8 6
8 25
8 28
8 9
8 24
8 20
8 0
8 1
8 10
8 15
8 11
8 27
8 1
8 18
8 17
8 25
8 21
8 18
8 27
8 26
8 23
8 23
8 16
8 27
8 9
8 22
8 22
8 10
8 2
8 1
8 0
8 11
8 18
8 24
8 28
8 6
8 2
8 17
8 11
8 10
8 25
8 23
8 15
8 26
8 27
8 18
8 0
8 10
8 6
8 10
8 20
8 23
8 13
8 24
8 10
8 16
8 25
8 28
8 17
8 2
8 3
8 4
8 9
8 11
8 23
8 0
8 18
8 6
8 17
8 6
8 18
8 13
8 18
8 10
8 1
8 10
8 0
8 28
8 25
8 28
8 12
8 16
8 13
8 20
8 1
8 15
8 16
8 13
8 18
8 17
8 0
8 10
8 18
8 25
8 10
8 5
8 6
8 9
8 1
8 19
8 22
8 17
8 15
8 15
8 24
8 2
9 8
9 1
9 4
9 20
9 15
9 15
9 10
9 3
9 3
9 8
9 15
9 10
9 1
9 3
9 3
9 16
9 11
9 3
9 6
9 7
9 11
9 1
9 0
9 15
9 15
9 8
9 1
9 6
9 1
9 11
9 10
9 15
9 1
9 3
9 4
9 11
9 10
9 1
9 27
9 3
9 1
9 14
10 13
10 21
10 27
10 11
10 11
10 4
10 13
10 25
10 22
10 23
10 20
10 18
10 13
10 16
10 26
10 0
10 14
10 22
10 15
10 15
10 9
10 3
10 22
10 8
10 21
10 25
10 7
10 12
10 13
10 1
10 4
10 1
10 9
10 15
10 19
10 27
10 3
10 26
10 11
10 8
10 25
10 14
10 3
10 18
10 8
10 1
10 7
10 3
10 6
10 8
10 20
10 25
10 23
10 24
10 17
10 21
10 20
10 20
10 6
10 1
10 20
10 1
10 13
10 22
10 21
10 23
10 1
10 3
10 8
10 23
10 20
10 14
10 2
10 0
10 19
10 12
10 1
10 1
10 21
10 2
10 2
10 0
10 25
10 1
10 6
10 9
10 5
10 4
10 8
10 19
10 18
10 26
10 16
10 9
10 21
10 7
10 6
10 27
10 25
10 15
10 4
10 25
10 22
10 23
10 24
10 19
10 4
10 15
10 21
10 18
10 8
10 7
10 5
10 23
10 26
11 27
11 15
11 27
11 7
11 0
11 27
11 22
11 15
11 5
11 15
11 8
11 0
11 4
11 21
11 13
11 4
11 7
11 16
11 9
11 16
11 27
11 9
11 7
11 9
11 0
11 7
11 9
11 24
11 7
11 8
11 0
11 21
11 9
11 8
11 4
11 8
11 7
11 20
11 5
11 16
11 7
11 21
11 13
11 21
11 9
11 10
11 23
11 21
11 15
11 20
11 21
11 0
11 4
11 15
12 19
12 14
12 17
12 22
12 8
12 16
12 26
12 13
12 18
12 27
12 10
12 15
12 13
12 18
12 13
12 18
12 22
12 24
12 21
12 15
12 17
12 23
12 4
12 27
12 7
12 18
12 19
12 1
12 25
12 14
12 7
12 27
12 20
12 17
12 19
12 0
12 7
12 15
12 7
12 18
12 20
12 1
12 28
12 15
12 21
12 20
12 27
12 7
12 7
12 19
12 21
12 22
12 21
12 18
12 13
12 19
12 27
12 19
12 10
12 1
12 19
12 22
12 1
12 19
12 26
12 25
12 23
12 8
12 28
12 15
12 17
12 26
12 25
12 27
12 22
12 16
12 13
12 7
12 24
12 28
12 10
12 18
12 17
12 26
13 7
13 21
13 14
13 15
13 4
13 21
13 7
13 15
13 16
13 0
13 1
13 16
13 10
13 16
13 14
13 14
13 4
13 11
13 12
13 25
13 7
13 16
13 0
13 21
13 23
13 26
13 20
13 26
13 1
13 4
13 19
13 22
13 20
13 15
13 4
13 25
13 15
13 16
13 14
13 15
13 22
13 15
13 4
13 21
13 0
13 0
13 0
13 22
13 1
13 23
13 8
13 10
13 22
13 4
13 7
13 12
13 23
13 15
13 21
13 1
13 7
13 3
13 1
13 1
13 3
13 19
13 15
13 16
13 7
13 25
13 27
13 0
13 20
13 12
13 22
13 20
13 4
13 22
13 8
13 18
13 21
13 11
13 23
13 19
13 20
13 21
13 18
13 4
13 16
13 8
13 14
13 20
13 1
13 22
13 21
13 16
13 8
13 1
13 14
13 4
13 10
13 25
13 22
13 19
13 26
13 19
13 18
13 0
13 19
13 26
13 21
13 14
14 28
14 7
14 15
14 13
14 23
14 27
14 19
14 12
14 15
14 20
14 10
14 15
14 10
14 1
14 4
14 13
14 4
14 10
14 19
14 13
14 21
14 25
14 19
14 10
14 28
14 16
14 7
14 26
14 25
14 12
14 7
14 27
14 16
14 16
14 26
14 4
14 21
14 15
14 22
14 19
14 4
14 7
14 25
14 1
14 18
14 15
14 20
14 1
14 4
14 10
14 7
14 1
14 20
14 8
14 13
14 20
14 15
14 1
14 19
14 4
14 23
14 21
14 25
14 21
14 26
14 25
14 28
14 9
14 1
14 4
14 21
14 7
14 28
14 21
14 23
14 28
14 15
15 27
15 11
15 11
15 10
15 23
15 1
15 1
15 0
15 0
15 8
15 7
15 14
15 13
15 4
15 22
15 7
15 13
15 16
15 21
15 25
15 12
15 14
15 20
15 11
15 21
15 7
15 9
15 0
15 23
15 10
15 10
15 12
15 13
15 21
15 25
15 9
15 10
15 19
15 27
15 23
15 4
15 22
15 25
15 13
15 11
15 23
15 8
15 14
15 25
15 1
15 4
15 27
15 13
15 22
15 7
15 1
15 24
15 17
15 13
15 4
15 1
15 1
15 20
15 10
15 27
15 14
15 7
15 12
15 7
15 11
15 28
15 21
15 25
15 22
15 20
15 12
15 7
15 7
15 24
15 17
15 25
15 11
15 13
15 7
15 1
15 10
15 9
15 1
15 14
15 1
15 20
15 19
15 12
15 17
15 8
15 12
15 21
15 11
15 20
15 1
15 8
15 23
15 4
15 18
15 16
15 28
15 21
15 28
15 21
15 4
15 8
15 17
15 0
15 26
15 20
15 16
15 16
15 26
15 0
15 28
15 14
15 8
15 24
15 20
15 20
15 23
16 15
16 13
16 0
16 20
16 12
16 18
16 13
16 27
16 13
16 28
16 12
16 26
16 26
16 28
16 0
16 11
16 7
16 13
16 25
16 0
16 0
16 14
16 18
16 28
16 28
16 14
16 7
16 28
16 27
16 14
16 14
16 26
16 11
16 8
16 13
16 23
16 0
16 11
16 7
16 28
16 7
16 14
16 8
16 13
16 25
16 18
16 0
16 23
16 28
16 23
16 10
16 18
16 15
16 28
16 26
16 0
16 20
16 15
16 15
16 23
16 28
17 24
17 12
17 12
17 18
17 15
17 10
17 2
17 23
17 18
17 15
17 23
17 23
17 24
17 15
17 13
17 24
17 15
17 18
17 7
17 12
17 15
17 12
17 26
17 8
17 18
17 22
17 8
17 15
17 0
18 4
18 22
18 23
18 23
18 7
18 17
18 19
18 20
18 10
18 13
18 21
18 15
18 17
18 8
18 23
18 17
18 16
18 12
18 4
18 7
18 13
18 12
18 12
18 25
18 25
18 7
18 25
18 8
18 0
18 10
18 16
18 12
18 21
18 4
18 3
18 4
18 1
18 1
18 7
18 23
18 19
18 21
18 4
18 12
18 20
18 1
18 7
18 19
18 22
18 4
18 10
18 21
18 12
18 12
18 8
18 7
18 6
18 8
18 10
18 1
18 25
18 7
18 8
18 13
18 10
18 8
18 1
18 0
18 26
18 0
18 21
18 20
18 4
18 8
18 12
18 10
18 23
18 24
18 21
18 10
18 8
18 25
18 7
18 26
18 0
19 22
19 24
19 24
19 7
19 23
19 12
19 5
19 1
19 24
19 2
19 10
19 5
19 28
19 13
19 10
19 20
19 13
19 14
19 23
19 27
19 23
19 12
19 1
19 22
19 14
19 13
19 22
19 24
19 22
19 12
19 21
19 7
19 18
19 22
19 13
19 12
19 5
19 11
19 4
19 21
19 24
19 17
19 23
19 27
19 12
19 10
19 13
19 23
19 12
19 22
19 26
19 1
19 28
19 25
19 7
19 22
19 27
19 18
19 23
19 25
19 23
19 1
19 25
19 16
19 14
19 10
19 4
19 13
19 13
19 26
19 13
19 26
19 4
19 24
19 10
19 4
19 20
19 25
19 22
19 22
19 24
19 26
19 20
19 2
19 1
19 21
19 26
20 0
20 22
20 10
20 2
20 15
20 5
20 4
20 15
20 0
20 19
20 18
20 26
20 13
20 23
20 27
20 18
20 7
20 27
20 1
20 15
20 10
20 27
20 12
20 4
20 0
20 10
20 14
20 15
20 21
20 7
20 10
20 0
20 12
20 15
20 1
20 23
20 13
20 10
20 27
20 13
20 1
20 14
20 5
20 0
20 4
20 5
20 11
20 1
20 15
20 19
20 23
20 23
20 7
20 26
20 21
20 22
20 18
20 11
20 15
20 1
20 8
20 18
20 1
20 5
20 26
20 5
20 1
20 19
20 4
20 21
21 13
21 10
21 13
21 4
21 7
21 15
21 11
21 22
21 18
21 15
21 10
21 1
21 11
21 0
21 13
21 23
21 14
21 25
21 7
21 0
21 7
21 0
21 15
21 18
21 6
21 5
21 15
21 25
21 7
21 12
21 18
21 4
21 4
21 11
21 15
21 1
21 26
21 16
21 4
21 0
21 14
21 10
21 4
21 22
21 13
21 12
21 28
21 15
21 25
21 11
21 0
21 12
21 20
21 26
21 11
21 15
21 13
21 23
21 10
21 22
21 18
21 12
21 18
21 28
21 11
21 27
21 4
21 19
21 24
21 1
21 10
21 1
21 1
21 1
21 11
21 28
21 26
21 16
21 26
21 28
21 22
21 20
21 22
21 25
21 15
21 1
21 28
21 4
21 25
21 19
21 7
21 14
21 27
21 22
21 22
21 23
21 11
21 9
21 10
21 28
21 14
21 23
21 11
21 15
21 1
21 7
21 25
21 28
21 20
21 1
21 28
21 15
21 4
21 0
21 1
21 19
21 13
21 14
22 25
22 23
22 27
22 24
22 12
22 8
22 4
22 28
22 5
22 2
22 21
22 5
22 23
22 10
22 9
22 8
22 8
22 10
22 12
22 24
22 27
22 14
22 4
22 26
22 15
22 4
22 5
22 9
22 15
22 0
22 13
22 4
22 1
22 10
22 20
22 19
22 14
22 14
22 23
22 7
22 25
22 21
22 10
22 13
22 19
22 24
22 19
22 24
22 25
22 12
22 10
22 27
22 15
22 7
22 7
22 19
22 12
22 7
22 26
22 21
22 19
22 7
22 4
22 21
22 14
22 24
22 7
22 3
22 27
22 21
22 21
22 23
22 27
22 28
22 7
22 23
22 13
22 21
22 12
22 15
22 28
22 26
22 25
22 27
22 20
22 19
22 8
23 27
23 15
23 1
23 25
23 22
23 7
23 21
23 17
23 24
23 18
23 18
23 19
23 12
23 14
23 15
23 15
23 11
23 26
23 28
23 4
23 21
23 5
23 10
23 0
23 15
23 22
23 10
23 21
23 17
23 12
23 19
23 27
23 15
23 19
23 8
23 18
23 25
23 21
23 0
23 5
23 5
23 25
23 10
23 24
23 17
23 25
23 8
23 13
23 12
23 24
23 21
23 10
23 7
23 8
23 8
23 26
23 13
23 13
23 25
23 16
23 0
23 18
23 14
23 7
23 7
23 5
23 26
23 18
23 7
23 27
23 20
23 19
23 27
23 19
23 5
23 26
23 13
23 19
23 17
23 21
23 1
23 12
23 15
23 7
23 28
23 26
23 16
23 25
23 19
23 19
23 28
23 16
23 26
23 15
23 4
23 10
23 18
23 24
23 10
23 10
23 27
23 5
23 2
23 21
23 14
23 10
23 26
23 16
23 15
23 20
24 17
24 23
24 8
24 12
24 6
24 10
24 19
24 7
24 3
24 25
24 7
24 10
24 16
24 22
24 8
24 13
24 8
24 10
24 20
24 22
24 19
24 22
24 17
24 22
24 12
24 18
24 23
24 10
24 19
24 10
24 7
24 28
24 22
24 19
24 26
25 11
25 7
25 23
25 22
25 5
25 8
25 21
25 15
25 10
25 22
25 21
25 27
25 13
25 7
25 8
25 10
25 14
25 26
25 26
25 14
25 18
25 23
25 8
25 28
25 23
25 21
25 15
25 22
25 12
25 15
25 26
25 8
25 13
25 27
25 5
25 19
25 28
25 26
25 28
25 0
25 23
25 22
25 15
25 23
25 28
25 8
25 28
25 18
25 0
25 12
25 27
25 28
25 26
25 10
25 27
25 21
25 28
25 10
25 22
25 21
25 28
25 22
25 0
25 14
25 28
25 19
25 22
26 28
26 28
26 23
26 28
26 0
26 27
26 12
26 4
26 10
26 4
26 18
26 23
26 16
26 13
26 20
26 14
26 13
26 3
26 27
26 7
26 12
26 28
26 0
26 22
26 25
26 25
26 3
26 10
26 25
26 13
26 14
26 19
26 27
26 8
26 7
26 28
26 25
26 14
26 14
26 16
26 1
26 21
26 16
26 11
26 28
26 12
26 23
26 25
26 25
26 4
26 21
26 16
26 25
26 27
26 13
26 22
26 23
26 5
26 23
26 7
26 1
26 28
26 25
26 5
26 19
26 12
26 25
26 21
26 16
26 21
26 25
26 18
26 10
26 16
26 23
26 12
26 14
26 18
26 25
26 27
26 21
26 4
26 23
26 15
26 3
26 28
26 13
26 19
26 13
26 19
26 4
26 5
26 20
26 5
26 24
26 19
26 20
26 15
26 10
26 0
27 23
27 15
27 0
27 11
27 22
27 24
27 14
27 22
27 11
27 8
27 1
27 3
27 16
27 25
27 8
27 1
27 8
27 26
27 8
27 3
27 20
27 23
27 12
27 10
27 22
27 14
27 4
27 4
27 3
27 26
27 7
27 19
27 4
27 23
27 19
27 23
27 15
27 15
27 4
27 12
27 7
27 26
27 8
27 28
27 16
27 7
27 3
27 11
27 7
27 14
27 16
27 11
27 1
27 20
27 10
27 18
27 7
27 12
27 20
27 13
27 25
27 26
27 13
27 23
27 20
27 25
27 4
27 19
27 23
27 19
27 12
27 19
27 3
27 22
27 25
27 22
27 25
27 26
27 1
27 6
27 10
27 25
27 21
27 3
27 3
27 10
27 23
28 22
28 7
28 22
28 1
28 8
28 8
28 23
28 21
28 18
28 16
28 3
28 1
28 4
28 22
28 16
28 12
28 26
28 16
28 26
28 0
28 14
28 26
28 18
28 16
28 16
28 14
28 8
28 25
28 16
28 27
28 4
28 3
28 1
28 2
28 20
28 10
28 4
28 21
28 8
28 25
28 26
28 12
28 12
28 21
28 18
28 14
28 4
28 18
28 21
28 4
28 27
28 1
28 7
28 21
28 26
28 26
28 21
28 22
28 8
28 23
28 25
28 8
28 12
28 22
28 25
28 21
28 12
28 21
28 1
28 21
28 3
28 23
28 3
28 26
28 21
28 25
28 14
28 1
28 21
28 14
28 25
28 23
28 16
28 14
28 15
