0 22
0 15
0 4
0 18
0 15
0 7
0 9
0 14
0 15
0 5
0 15
0 5
0 7
0 10
0 13
0 10
0 1
0 5
0 22
0 13
0 10
0 7
0 7
0 23
0 10
0 10
0 1
0 11
0 10
0 16
0 13
0 10
0 11
0 20
0 1
0 10
0 7
0 7
0 20
0 4
0 15
0 13
0 13
0 5
0 5
0 11
0 5
0 18
0 7
0 8
0 1
0 10
0 15
0 7
0 10
0 4
0 1
0 20
0 15
0 1
0 7
0 16
0 4
0 21
0 10
0 5
0 5
0 4
0 13
0 12
1 9
1 20
1 5
1 15
1 20
1 14
1 27
1 7
1 15
1 10
1 11
1 0
1 5
1 20
1 9
1 15
1 20
1 15
1 4
1 23
1 14
1 10
1 0
1 9
1 4
1 14
1 11
1 10
1 5
1 7
1 14
1 15
1 5
1 7
1 21
1 5
1 7
1 21
1 15
1 0
1 20
1 0
1 5
1 7
1 9
1 7
1 10
1 10
1 2
1 7
1 9
1 15
1 11
1 14
1 10
1 19
1 7
1 10
1 11
1 2
1 15
1 10
1 9
1 7
1 20
1 10
1 7
1 11
1 4
1 5
1 10
1 11
1 0
1 14
1 9
1 10
1 10
1 15
1 15
1 20
1 22
2 5
2 5
2 6
2 6
2 10
2 11
2 7
2 8
2 6
2 6
2 3
2 10
2 10
2 3
2 3
2 6
2 15
2 7
2 10
2 22
2 6
2 10
2 8
2 10
2 15
2 11
2 10
2 8
2 7
2 19
2 7
2 6
2 6
2 7
2 8
2 6
2 3
2 20
2 5
2 7
2 1
2 7
2 6
2 10
2 11
2 11
2 14
2 7
2 11
2 11
2 1
2 11
2 10
3 7
3 7
3 2
3 10
3 2
3 7
3 2
3 6
3 11
3 10
3 7
3 1
3 20
3 7
3 7
3 23
3 1
3 7
3 7
3 2
3 5
3 5
3 10
3 19
3 6
3 10
3 10
3 4
3 10
3 5
4 7
4 9
4 18
4 7
4 21
4 7
4 23
4 15
4 15
4 10
4 5
4 20
4 20
4 15
4 11
4 1
4 18
4 26
4 18
4 5
4 21
4 7
4 11
4 15
4 18
4 9
4 15
4 14
4 15
4 1
4 20
4 7
4 9
4 1
4 5
4 14
4 11
4 15
4 15
4 20
4 0
4 0
4 10
4 18
4 14
4 10
4 5
4 7
4 23
4 18
4 15
4 15
4 7
4 13
4 10
4 14
4 19
4 20
4 0
4 15
4 13
4 10
4 3
4 5
4 11
4 15
4 7
4 7
4 5
4 20
4 20
4 0
4 0
4 23
4 18
4 15
4 11
4 26
4 5
4 0
4 13
5 18
5 13
5 16
5 2
5 2
5 23
5 23
5 25
5 20
5 12
5 7
5 16
5 21
5 7
5 15
5 0
5 15
5 1
5 2
5 0
5 15
5 14
5 26
5 28
5 26
5 26
5 22
5 20
5 21
5 4
5 20
5 14
5 20
5 12
5 21
5 19
5 19
5 26
5 16
5 23
5 23
5 26
5 27
5 28
5 18
5 26
5 0
5 20
5 7
5 10
5 20
5 26
5 22
5 12
5 23
5 16
5 2
5 6
5 15
5 1
5 16
5 15
5 4
5 7
5 4
5 10
5 16
5 13
5 20
5 19
5 7
5 26
5 1
5 1
5 28
5 7
5 11
5 13
5 23
5 22
5 28
5 18
5 18
5 14
5 1
5 11
5 15
5 21
5 1
5 10
5 4
5 26
5 18
5 13
5 16
5 1
5 14
5 18
5 19
5 10
5 15
5 13
5 11
5 20
5 1
5 20
5 2
5 13
5 20
5 0
5 26
5 23
5 28
5 18
5 13
5 14
5 13
5 14
5 21
5 11
5 0
5 18
5 26
5 13
5 13
5 10
5 19
5 3
5 3
5 7
5 3
5 7
5 3
5 4
5 7
5 22
5 10
5 1
5 1
5 25
5 21
5 16
5 27
5 22
5 13
5 4
5 1
5 25
5 14
5 0
5 27
5 14
5 20
5 13
5 15
5 13
6 2
6 2
6 7
6 8
6 2
6 2
6 3
6 3
6 2
6 2
6 11
6 2
6 10
6 10
6 7
6 19
6 7
6 2
6 2
6 2
6 2
6 20
6 7
6 2
6 10
6 10
6 7
6 10
6 10
7 21
7 16
7 5
7 0
7 23
7 26
7 16
7 16
7 20
7 21
7 8
7 3
7 6
7 3
7 3
7 10
7 11
7 2
7 16
7 15
7 8
7 23
7 10
7 19
7 21
7 15
7 8
7 25
7 21
7 4
7 10
7 20
7 5
7 10
7 22
7 3
7 21
7 10
7 23
7 20
7 4
7 10
7 0
7 0
7 23
7 22
7 10
7 0
7 21
7 13
7 9
7 18
7 8
7 10
7 10
7 15
7 2
7 10
7 28
7 18
7 4
7 20
7 20
7 6
7 12
7 22
7 1
7 0
7 3
7 1
7 23
7 3
7 23
7 20
7 5
7 8
7 15
7 5
7 19
7 8
7 22
7 4
7 19
7 26
7 16
7 15
7 18
7 4
7 6
7 11
7 5
7 4
7 2
7 2
7 16
7 23
7 2
7 19
7 14
7 1
7 23
7 6
7 16
7 19
7 6
7 1
7 3
7 3
7 2
7 2
7 9
7 1
7 23
7 13
7 21
7 20
7 5
7 2
7 1
7 15
7 19
7 0
7 0
7 16
7 21
7 20
7 16
7 23
7 5
7 3
7 23
7 18
7 5
7 22
7 4
7 11
7 1
7 9
7 13
7 22
7 11
7 4
7 5
7 0
7 16
7 13
7 0
7 21
7 15
8 0
8 10
8 10
8 9
8 15
8 7
8 7
8 3
8 13
8 22
8 22
8 22
8 7
8 2
8 6
8 15
8 7
8 25
8 27
8 25
8 22
8 22
8 15
8 15
8 25
8 2
8 7
8 21
8 10
8 10
8 2
8 10
8 10
8 22
8 19
8 15
8 10
8 20
8 13
8 15
8 10
8 15
8 10
8 15
8 15
8 7
8 22
8 20
9 1
9 20
9 7
9 4
9 8
9 10
9 10
9 19
9 4
9 18
9 4
9 10
9 15
9 7
9 10
9 19
9 7
9 7
9 7
9 10
9 1
9 7
9 7
9 1
9 4
9 10
9 4
9 10
9 1
9 7
9 13
10 2
10 19
10 4
10 15
10 13
10 0
10 8
10 9
10 9
10 19
10 14
10 3
10 7
10 20
10 19
10 21
10 15
10 21
10 7
10 2
10 3
10 3
10 11
10 6
10 9
10 15
10 8
10 22
10 2
10 3
10 9
10 22
10 7
10 19
10 15
10 21
10 4
10 7
10 23
10 22
10 3
10 21
10 13
10 13
10 0
10 7
10 1
10 0
10 0
10 3
10 13
10 22
10 8
10 7
10 9
10 19
10 15
10 11
10 1
10 6
10 15
10 7
10 8
10 2
10 20
10 0
10 4
10 7
10 6
10 19
10 20
10 11
10 3
10 22
10 5
10 5
10 1
10 11
10 2
10 8
10 18
10 22
10 0
10 11
10 9
10 19
10 21
10 13
10 16
10 2
10 8
10 1
10 22
10 21
10 7
10 9
10 5
10 4
10 6
10 8
10 20
10 15
10 8
10 15
10 16
10 19
10 5
10 15
10 1
10 0
10 6
10 1
10 7
10 14
10 13
10 22
10 1
10 1
10 8
10 15
10 15
10 19
10 21
10 12
10 6
10 2
10 15
10 13
10 22
10 21
10 4
10 7
10 22
10 6
10 20
10 1
10 0
10 14
10 19
10 13
10 13
10 13
10 22
10 5
10 7
10 1
10 2
10 3
10 19
10 12
10 22
10 22
10 27
10 13
10 15
10 1
10 9
10 20
10 1
10 7
10 1
10 6
10 3
10 3
10 4
10 25
10 21
10 0
10 5
10 9
11 15
11 1
11 2
11 22
11 10
11 1
11 0
11 7
11 4
11 15
11 18
11 10
11 6
11 2
11 13
11 19
11 4
11 1
11 14
11 4
11 15
11 18
11 0
11 10
11 3
11 15
11 20
11 15
11 2
11 0
11 1
11 6
11 7
11 5
11 13
11 14
11 13
11 14
11 27
11 13
11 2
11 7
11 14
11 13
11 15
11 13
11 7
11 0
11 14
11 18
11 7
11 7
11 12
11 15
11 1
11 0
11 15
11 13
12 5
12 20
12 21
12 22
12 23
12 22
12 21
12 25
12 5
12 20
12 13
12 22
12 27
12 25
12 14
12 21
12 19
12 26
12 22
12 19
12 4
12 14
12 22
12 23
12 22
12 22
12 21
12 13
12 14
12 15
12 23
12 28
12 28
12 20
12 19
12 17
12 24
12 24
12 19
12 19
12 28
12 5
12 22
12 24
12 22
12 7
12 14
12 13
12 19
12 19
12 17
12 13
12 16
12 28
12 23
12 13
12 15
12 19
12 22
12 14
12 27
12 24
12 21
12 18
12 13
12 28
12 17
12 23
12 14
12 14
12 19
12 22
12 28
12 14
12 20
12 24
12 13
12 21
12 15
12 13
12 22
12 22
12 17
12 24
12 17
12 17
12 14
12 22
12 20
12 17
12 17
12 15
12 17
12 13
12 28
13 18
13 22
13 21
13 14
13 10
13 21
13 5
13 15
13 10
13 0
13 20
13 12
13 22
13 8
13 20
13 12
13 22
13 28
13 16
13 25
13 2
13 11
13 19
13 15
13 15
13 19
13 10
13 10
13 21
13 12
13 21
13 16
13 26
13 19
13 14
13 23
13 16
13 14
13 16
13 0
13 18
13 5
13 5
13 23
13 16
13 23
13 14
13 7
13 23
13 16
13 17
13 12
13 16
13 5
13 12
13 15
13 26
13 27
13 19
13 14
13 10
13 7
13 23
13 26
13 19
13 14
13 19
13 10
13 25
13 16
13 26
13 12
13 25
13 25
13 18
13 12
13 5
13 0
13 15
13 10
13 4
13 15
13 0
13 25
13 23
13 23
13 16
13 26
13 27
13 25
13 16
13 23
13 27
13 22
13 10
13 10
13 14
13 21
13 15
13 11
13 19
13 25
13 5
13 5
13 10
13 7
13 15
13 22
13 25
13 5
13 14
13 22
13 5
13 15
13 11
13 25
13 27
13 5
13 20
13 14
13 1
13 15
13 5
14 27
14 28
14 1
14 27
14 5
14 5
14 21
14 15
14 11
14 13
14 20
14 21
14 12
14 20
14 27
14 11
14 4
14 12
14 7
14 21
14 21
14 12
14 23
14 1
14 5
14 4
14 4
14 15
14 22
14 5
14 23
14 11
14 18
14 20
14 4
14 23
14 13
14 4
14 19
14 5
14 22
14 21
14 19
14 21
14 23
14 22
14 19
14 13
14 10
14 4
14 15
14 21
14 15
14 21
14 12
14 27
14 19
14 13
14 19
14 20
14 11
14 23
14 11
14 4
14 19
14 19
14 12
14 23
14 12
14 19
14 27
14 13
14 12
14 13
14 13
14 11
14 27
14 26
14 20
14 15
14 18
14 27
14 7
14 11
14 13
14 21
14 11
14 18
14 5
14 13
14 21
14 12
14 5
14 18
14 21
14 27
14 27
14 5
14 20
14 20
14 13
14 1
15 22
15 0
15 0
15 7
15 14
15 0
15 19
15 5
15 22
15 23
15 4
15 4
15 20
15 4
15 18
15 23
15 7
15 8
15 21
15 10
15 0
15 22
15 1
15 10
15 20
15 4
15 22
15 19
15 1
15 4
15 21
15 20
15 13
15 19
15 18
15 23
15 18
15 23
15 10
15 0
15 5
15 13
15 19
15 10
15 4
15 11
15 8
15 8
15 4
15 11
15 18
15 18
15 23
15 8
15 22
15 11
15 20
15 13
15 12
15 13
15 16
15 16
15 23
15 16
15 14
15 1
15 5
15 11
15 19
15 22
15 22
15 21
15 22
15 18
15 22
15 21
15 19
15 8
15 10
15 12
15 13
15 8
15 10
15 10
15 1
15 23
15 8
15 9
15 1
15 10
15 13
15 0
15 13
15 20
15 14
15 20
15 20
15 14
15 22
15 8
15 13
15 22
15 22
15 21
15 20
15 19
15 1
15 0
15 25
15 23
15 23
15 25
15 12
15 11
15 4
15 11
15 1
15 1
16 13
16 5
16 21
16 7
16 5
16 21
16 13
16 7
16 7
16 20
16 2
16 7
16 15
16 13
16 7
16 13
16 23
16 21
16 13
16 7
16 18
16 15
16 23
16 23
16 5
16 13
16 25
16 1
16 5
16 23
16 7
16 23
16 13
16 10
16 5
16 23
16 23
16 7
16 13
16 15
16 15
16 5
16 10
16 13
16 15
16 18
16 15
16 23
16 13
16 15
16 7
16 13
16 23
16 13
16 15
16 21
16 5
16 15
16 20
17 24
17 12
17 21
17 12
17 24
17 24
17 24
17 24
17 24
17 12
17 24
17 20
17 12
17 12
17 12
17 23
17 12
17 24
17 12
17 24
17 24
17 24
17 12
17 24
17 24
17 24
17 24
17 12
17 12
17 20
17 12
17 12
17 12
17 21
18 9
18 4
18 7
18 4
18 7
18 4
18 13
18 27
18 27
18 27
18 5
18 26
18 13
18 23
18 15
18 7
18 20
18 23
18 19
18 28
18 15
18 15
18 26
18 21
18 15
18 23
18 23
18 26
18 28
18 7
18 27
18 20
18 7
18 5
18 4
18 20
18 7
18 19
18 26
18 5
18 7
18 4
18 14
18 20
18 20
18 20
18 7
18 4
18 14
18 23
18 13
18 5
18 22
18 16
18 15
18 19
18 28
18 28
18 19
18 28
18 27
18 19
18 12
18 4
18 15
18 7
18 20
18 21
18 12
18 21
18 27
18 23
18 23
18 13
18 28
18 5
18 21
18 26
18 23
18 4
18 0
18 5
18 26
18 19
18 28
18 23
18 20
18 7
18 21
18 20
18 22
19 9
19 10
19 14
19 4
19 10
19 20
19 21
19 25
19 5
19 21
19 26
19 5
19 18
19 26
19 25
19 20
19 3
19 10
19 7
19 5
19 21
19 21
19 12
19 26
19 17
19 12
19 18
19 28
19 22
19 12
19 20
19 15
19 13
19 15
19 15
19 13
19 26
19 26
19 26
19 5
19 26
19 12
19 22
19 10
19 10
19 15
19 12
19 26
19 13
19 22
19 21
19 20
19 5
19 7
19 8
19 7
19 26
19 9
19 10
19 10
19 21
19 11
19 15
19 22
19 28
19 12
19 18
19 12
19 21
19 12
19 12
19 16
19 15
19 26
19 26
19 7
19 6
19 14
19 22
19 15
19 15
19 8
19 14
19 25
19 18
19 5
19 18
19 12
19 12
19 22
19 14
19 13
19 14
19 20
19 13
19 25
19 21
19 15
19 7
19 20
19 22
19 14
19 20
19 20
19 20
19 4
19 26
19 1
19 10
19 5
19 3
19 20
19 4
19 12
19 21
19 22
19 27
19 9
19 7
19 25
19 23
20 5
20 12
20 15
20 1
20 16
20 7
20 21
20 5
20 5
20 4
20 15
20 4
20 7
20 10
20 19
20 21
20 14
20 5
20 12
20 13
20 25
20 19
20 13
20 12
20 19
20 19
20 1
20 25
20 13
20 14
20 21
20 10
20 7
20 1
20 14
20 11
20 4
20 7
20 16
20 19
20 15
20 0
20 5
20 22
20 19
20 21
20 15
20 28
20 12
20 19
20 4
20 22
20 5
20 4
20 7
20 27
20 18
20 7
20 3
20 18
20 7
20 18
20 14
20 18
20 18
20 13
20 21
20 8
20 10
20 19
20 7
20 7
20 18
20 12
20 19
20 13
20 5
20 19
20 19
20 19
20 4
20 0
20 14
20 12
20 24
20 11
20 13
20 13
20 13
20 15
20 16
20 15
20 0
20 1
20 12
20 17
20 19
20 4
20 4
20 19
20 15
20 1
20 22
21 17
21 12
21 13
21 16
21 22
21 13
21 14
21 15
21 10
21 13
21 22
21 12
21 25
21 26
21 19
21 22
21 23
21 19
21 25
21 13
21 10
21 10
21 7
21 22
21 5
21 19
21 15
21 7
21 27
21 18
21 7
21 4
21 14
21 12
21 10
21 10
21 6
21 10
21 26
21 25
21 27
21 25
21 26
21 13
21 19
21 22
21 14
21 13
21 26
21 18
21 8
21 7
21 12
21 24
21 13
21 15
21 19
21 10
21 10
21 13
21 12
21 19
21 10
21 22
21 5
21 1
21 7
21 22
21 14
21 26
21 25
21 27
21 10
21 12
21 26
21 20
21 23
21 22
21 7
21 20
21 18
21 13
21 25
21 22
21 27
21 25
21 19
21 26
21 20
21 13
21 12
21 22
21 5
21 13
21 22
21 25
21 0
21 10
21 25
21 23
21 25
21 10
21 18
21 14
21 27
21 0
21 7
21 15
21 13
22 12
22 21
22 13
22 21
22 27
22 10
22 23
22 14
22 21
22 23
22 13
22 8
22 8
22 13
22 12
22 8
22 7
22 13
22 28
22 27
22 10
22 7
22 15
22 1
22 27
22 13
22 10
22 21
22 12
22 19
22 25
22 8
22 10
22 2
22 23
22 10
22 20
22 19
22 23
22 10
22 28
22 12
22 21
22 12
22 15
22 13
22 19
22 21
22 14
22 28
22 28
22 4
22 20
22 12
22 14
22 5
22 15
22 5
22 7
22 8
22 18
22 10
22 0
22 5
22 28
22 27
22 23
22 28
22 28
22 5
22 19
22 28
22 28
22 27
22 12
22 27
22 1
22 10
22 21
22 5
22 7
22 21
22 23
22 8
22 15
22 12
22 14
22 18
22 15
22 23
22 15
22 28
22 12
22 19
22 12
22 19
22 10
22 6
22 27
22 28
22 28
22 12
22 14
22 20
22 15
22 13
22 27
22 13
22 10
22 13
22 28
22 18
22 5
22 7
22 10
22 5
22 12
22 12
22 15
22 8
22 20
22 18
22 13
22 15
22 14
22 12
22 10
22 27
22 5
22 13
22 7
22 13
22 21
22 25
22 28
22 28
23 5
23 28
23 25
23 0
23 7
23 26
23 26
23 22
23 14
23 22
23 15
23 18
23 15
23 7
23 21
23 25
23 16
23 5
23 7
23 25
23 13
23 18
23 27
23 18
23 25
23 27
23 18
23 9
23 7
23 22
23 10
23 7
23 27
23 18
23 15
23 12
23 28
23 12
23 26
23 16
23 16
23 13
23 14
23 16
23 7
23 3
23 7
23 16
23 13
23 28
23 14
23 14
23 18
23 13
23 14
23 28
23 7
23 14
23 22
23 27
23 26
23 5
23 15
23 7
23 13
23 12
23 17
23 7
23 13
23 14
23 22
23 27
23 13
23 17
23 12
23 14
23 12
23 13
23 16
23 5
23 18
23 26
23 21
23 27
23 16
23 28
23 28
23 28
23 7
23 16
23 27
23 27
23 26
23 18
23 7
23 7
23 21
23 25
23 15
23 19
23 25
23 25
23 21
24 17
24 12
24 12
24 12
24 12
24 12
24 17
24 12
24 12
24 17
24 17
24 17
24 17
24 17
24 17
25 28
25 23
25 5
25 20
25 13
25 23
25 12
25 21
25 26
25 5
25 19
25 20
25 27
25 13
25 13
25 23
25 8
25 22
25 26
25 8
25 27
25 21
25 19
25 19
25 21
25 27
25 23
25 26
25 26
25 28
25 15
25 8
25 26
25 21
25 13
25 21
25 22
25 5
25 21
25 19
25 7
25 8
25 13
25 23
25 13
25 16
25 26
25 8
25 19
25 13
25 5
25 8
25 5
25 5
25 5
25 5
25 21
25 23
25 15
25 23
25 11
25 13
25 27
25 28
25 7
25 19
25 23
25 23
25 21
26 18
26 21
26 25
26 5
26 19
26 5
26 5
26 18
26 4
26 18
26 27
26 18
26 18
26 19
26 12
26 19
26 13
26 19
26 19
26 19
26 5
26 5
26 12
26 23
26 21
26 13
26 25
26 21
26 13
26 19
26 25
26 21
26 25
26 27
26 28
26 19
26 28
26 18
26 5
26 15
26 19
26 19
26 7
26 21
26 25
26 13
26 27
26 23
26 8
26 25
26 21
26 20
26 19
26 21
26 19
26 19
26 13
26 5
26 23
26 18
26 21
26 18
26 27
26 23
26 28
26 27
26 23
26 18
26 19
26 18
26 23
26 21
26 20
26 27
26 23
26 25
26 8
26 28
26 28
26 27
26 5
27 1
27 14
27 23
27 22
27 18
27 18
27 18
27 5
27 18
27 26
27 18
27 25
27 22
27 28
27 22
27 10
27 23
27 18
27 21
27 14
27 22
27 7
27 23
27 28
27 25
27 21
27 18
27 26
27 28
27 22
27 26
27 28
27 22
27 12
27 18
27 28
27 12
27 21
27 25
27 28
27 13
27 26
27 23
27 26
27 28
27 18
27 21
27 18
27 23
27 13
27 12
27 14
27 26
27 23
27 11
27 14
27 26
27 23
27 18
27 23
27 23
27 28
27 22
27 13
27 28
27 26
27 25
27 19
27 22
27 25
27 13
27 25
27 28
27 26
27 14
27 14
27 26
27 5
28 14
28 27
28 23
28 25
28 5
28 22
28 27
28 5
28 18
28 22
28 27
28 19
28 18
28 18
28 4
28 23
28 27
28 22
28 23
28 12
28 12
28 20
28 22
28 18
28 26
28 23
28 5
28 22
28 22
28 27
28 22
28 5
28 18
28 22
28 27
28 22
28 23
28 12
28 27
28 18
28 26
28 22
28 27
28 27
28 22
28 23
28 23
28 23
28 27
28 22
28 18
28 25
28 27
28 26
28 13
28 12
28 22
28 22
28 5
28 0
