0 11
0 11
0 7
0 7
0 11
0 11
0 7
0 11
0 7
0 10
0 10
0 5
0 9
0 5
0 10
0 1
0 7
0 7
0 7
0 8
0 11
0 5
0 9
0 8
0 10
0 9
0 5
0 5
0 8
0 5
0 7
0 11
0 7
0 15
0 7
0 10
0 6
0 11
0 7
0 8
0 5
0 5
0 3
0 11
0 5
0 5
0 11
0 10
0 5
1 10
1 4
1 20
1 14
1 4
1 15
1 10
1 10
1 5
1 7
1 15
1 5
1 13
1 15
1 10
1 20
1 9
1 10
1 27
1 14
1 15
1 7
1 9
1 4
1 9
1 10
1 20
1 11
1 5
1 8
1 10
1 10
1 20
1 15
1 10
1 9
1 4
1 8
1 15
1 8
1 14
1 13
1 20
1 20
1 23
1 14
1 4
1 9
1 10
1 20
1 5
1 0
1 18
1 4
1 8
1 27
1 12
1 10
1 5
1 7
1 15
1 19
1 20
1 5
1 10
1 3
1 7
1 8
1 27
1 15
1 5
1 4
1 15
1 5
1 15
1 14
1 4
1 7
1 9
1 10
1 14
1 15
1 20
1 25
1 8
1 4
1 9
1 8
1 10
1 22
1 14
1 7
1 9
1 3
1 9
1 8
1 10
1 2
1 5
1 4
1 10
2 6
2 7
2 3
2 10
2 6
2 7
2 6
2 7
2 3
2 9
2 6
2 10
2 9
2 3
2 8
2 10
2 6
2 7
2 6
2 6
2 7
2 7
2 6
2 7
2 5
2 10
2 3
2 3
2 6
2 10
2 1
2 5
2 7
2 28
2 6
2 3
2 3
2 6
2 10
2 5
2 11
2 7
2 5
2 3
2 3
2 5
2 7
2 6
3 7
3 10
3 28
3 7
3 2
3 10
3 2
3 9
3 18
3 10
3 9
3 7
3 2
3 5
3 10
3 7
3 4
3 5
3 2
3 2
3 7
3 10
3 10
3 5
3 7
3 2
3 2
3 2
3 1
3 7
3 7
3 7
3 2
3 5
3 9
3 9
3 7
3 9
3 9
3 1
4 23
4 27
4 5
4 7
4 10
4 12
4 19
4 10
4 1
4 20
4 19
4 14
4 1
4 15
4 28
4 7
4 15
4 15
4 5
4 10
4 7
4 20
4 19
4 10
4 18
4 14
4 18
4 20
4 10
4 18
4 9
4 10
4 27
4 14
4 14
4 7
4 9
4 1
4 9
4 7
4 5
4 27
4 28
4 7
4 20
4 27
4 12
4 5
4 10
4 10
4 27
4 5
4 1
4 9
4 10
4 21
4 15
4 14
4 9
4 10
4 14
4 1
4 9
4 5
4 18
4 20
4 10
4 3
4 7
4 18
4 21
4 15
4 27
4 27
4 14
4 22
4 27
4 15
4 14
4 13
4 18
4 1
4 8
4 7
4 9
4 9
4 9
4 14
4 8
4 27
4 10
4 1
4 5
4 7
4 27
4 15
4 10
4 15
4 7
4 12
4 27
4 15
4 1
4 7
4 18
4 14
4 20
4 15
4 7
4 5
4 18
4 14
4 27
4 27
4 18
4 20
4 7
4 18
4 18
4 20
4 8
4 1
4 9
4 5
4 5
4 1
4 10
4 19
4 5
4 10
4 5
4 9
5 7
5 4
5 3
5 10
5 10
5 9
5 0
5 10
5 1
5 1
5 1
5 27
5 7
5 3
5 7
5 3
5 0
5 7
5 4
5 27
5 4
5 10
5 11
5 1
5 4
5 3
5 9
5 0
5 1
5 0
5 11
5 3
5 10
5 7
5 1
5 7
5 6
5 7
5 2
5 10
5 10
5 9
5 3
5 7
5 8
5 0
5 11
5 11
5 2
5 4
5 7
5 9
5 9
5 9
5 10
5 7
5 0
5 9
5 10
5 11
5 7
5 10
5 6
5 10
5 11
5 7
5 4
5 10
5 18
5 2
5 11
5 7
5 2
5 4
5 9
5 9
5 11
5 0
5 3
5 7
5 7
5 2
5 1
5 11
5 0
5 11
5 0
5 10
5 2
5 4
5 9
6 7
6 7
6 10
6 7
6 2
6 2
6 13
6 7
6 7
6 7
6 7
6 10
6 2
6 10
6 10
6 7
6 2
6 7
6 3
6 2
6 10
6 1
6 10
6 10
7 11
7 0
7 11
7 0
7 11
7 11
7 26
7 21
7 10
7 23
7 5
7 4
7 26
7 4
7 6
7 6
7 2
7 26
7 13
7 6
7 3
7 10
7 12
7 26
7 11
7 8
7 13
7 14
7 18
7 15
7 28
7 27
7 20
7 19
7 8
7 25
7 27
7 8
7 19
7 15
7 27
7 28
7 4
7 0
7 1
7 1
7 15
7 6
7 2
7 15
7 4
7 20
7 6
7 26
7 10
7 10
7 26
7 9
7 11
7 23
7 21
7 3
7 9
7 2
7 2
7 13
7 25
7 3
7 9
7 23
7 15
7 23
7 16
7 14
7 27
7 5
7 3
7 9
7 14
7 11
7 13
7 6
7 23
7 28
7 28
7 16
7 6
7 15
7 19
7 26
7 13
7 13
7 14
7 1
7 15
7 9
7 4
7 5
7 4
7 10
7 19
7 9
7 20
7 4
7 3
7 6
7 6
7 26
7 28
7 14
7 23
7 2
7 3
7 3
7 28
7 26
7 16
7 26
7 23
7 27
7 6
7 2
7 20
7 28
7 2
7 28
7 21
7 4
7 19
7 9
7 9
7 5
7 21
7 26
7 6
7 2
7 6
7 20
7 14
7 8
7 1
7 5
7 23
7 27
7 4
7 14
7 19
7 26
7 14
7 20
7 3
7 1
7 1
7 19
7 8
7 15
7 4
7 27
7 0
7 15
7 10
7 27
7 13
7 20
7 26
7 16
7 8
7 0
7 15
7 14
7 15
7 4
7 5
7 27
7 27
7 28
7 5
7 0
7 2
7 28
7 13
7 15
7 4
7 1
7 9
7 5
7 16
7 6
7 6
7 23
7 28
7 19
7 19
7 26
7 27
7 4
7 22
7 12
7 10
7 11
7 12
7 14
7 14
7 15
7 27
7 28
7 15
7 1
7 3
7 2
7 13
7 9
7 3
7 13
7 12
7 19
7 13
7 5
7 2
7 18
7 21
7 13
7 25
7 4
7 11
7 12
7 0
7 1
7 9
7 9
7 3
7 9
7 4
7 16
7 28
7 27
7 5
7 10
7 9
7 3
7 2
7 6
8 18
8 10
8 27
8 22
8 7
8 25
8 25
8 10
8 23
8 27
8 7
8 19
8 0
8 7
8 25
8 0
8 1
8 25
8 10
8 4
8 1
8 27
8 25
8 25
8 25
8 7
8 7
8 0
8 1
8 27
8 7
8 0
8 0
8 10
8 7
8 10
8 0
8 27
8 12
8 21
8 10
8 0
8 5
8 9
8 1
8 10
8 21
9 4
9 10
9 5
9 3
9 5
9 10
9 7
9 3
9 7
9 3
9 7
9 7
9 4
9 10
9 1
9 7
9 4
9 1
9 7
9 4
9 1
9 4
9 10
9 14
9 4
9 10
9 8
9 10
9 7
9 10
9 6
9 19
9 7
9 7
9 5
9 4
9 4
9 4
9 14
9 10
9 5
9 3
9 7
9 5
9 5
9 7
9 5
9 3
9 4
9 5
9 5
9 3
9 3
9 3
9 7
9 4
9 18
9 3
9 1
9 4
9 5
9 3
9 7
10 0
10 11
10 11
10 7
10 19
10 7
10 4
10 12
10 18
10 8
10 21
10 19
10 4
10 1
10 15
10 8
10 15
10 21
10 7
10 23
10 0
10 0
10 11
10 18
10 20
10 21
10 6
10 9
10 5
10 5
10 0
10 1
10 5
10 3
10 7
10 5
10 4
10 1
10 4
10 6
10 7
10 7
10 26
10 6
10 2
10 9
10 7
10 20
10 1
10 4
10 18
10 3
10 25
10 8
10 3
10 5
10 9
10 1
10 9
10 1
10 15
10 22
10 19
10 19
10 26
10 13
10 13
10 1
10 8
10 0
10 1
10 20
10 6
10 19
10 19
10 18
10 4
10 18
10 15
10 1
10 4
10 9
10 8
10 1
10 19
10 12
10 8
10 25
10 25
10 8
10 9
10 7
10 4
10 3
10 3
10 21
10 11
10 6
10 7
10 19
10 11
10 4
10 7
10 11
10 12
10 2
10 2
10 5
10 21
10 26
10 21
10 19
10 26
10 25
10 8
10 15
10 4
10 20
10 1
10 9
10 0
10 9
10 20
10 21
10 12
10 0
10 6
10 5
10 1
10 12
10 7
10 11
10 5
10 6
10 5
10 11
10 20
10 4
10 6
10 2
10 5
10 13
10 12
10 11
10 8
10 21
10 12
10 18
10 0
10 5
10 5
10 4
11 0
11 0
11 0
11 7
11 7
11 0
11 10
11 10
11 7
11 8
11 0
11 5
11 5
11 5
11 3
11 10
11 4
11 0
11 10
11 5
11 5
11 10
11 5
11 10
11 20
11 5
11 0
11 3
11 7
11 10
11 10
11 4
11 7
11 5
11 0
11 5
11 5
11 0
12 19
12 13
12 28
12 16
12 10
12 7
12 27
12 24
12 24
12 24
12 24
12 13
12 21
12 19
12 7
12 17
12 7
12 13
12 24
12 17
12 22
12 28
12 1
12 10
12 24
12 27
12 21
12 28
12 24
12 13
12 27
12 22
12 10
12 19
12 27
12 23
12 24
12 21
12 17
12 20
12 19
12 10
12 22
12 17
12 27
12 20
12 10
12 13
12 21
12 27
12 28
12 23
12 28
12 24
12 24
12 22
12 21
12 10
12 24
12 17
12 13
12 22
12 19
12 7
12 13
12 28
12 10
12 19
12 27
12 20
12 19
12 7
12 24
12 17
12 17
12 24
12 24
12 24
12 10
12 28
12 19
12 25
13 21
13 19
13 12
13 28
13 18
13 24
13 12
13 21
13 15
13 24
13 12
13 22
13 19
13 21
13 20
13 23
13 18
13 7
13 25
13 25
13 15
13 1
13 15
13 25
13 23
13 18
13 21
13 27
13 7
13 18
13 14
13 7
13 7
13 12
13 10
13 22
13 21
13 25
13 22
13 15
13 22
13 21
13 15
13 12
13 20
13 14
13 23
13 1
13 14
13 21
13 20
13 7
13 7
13 23
13 14
13 22
13 20
13 26
13 19
13 20
13 21
13 14
13 23
13 15
13 22
13 21
13 14
13 12
13 20
13 23
13 22
13 21
13 26
13 18
13 20
13 18
13 4
13 19
13 26
13 26
13 26
13 26
13 19
13 25
13 8
13 21
13 18
13 10
13 19
13 18
13 19
13 21
13 20
13 21
13 23
13 23
13 20
13 7
13 26
13 19
13 17
13 12
13 14
13 21
13 12
13 7
13 21
13 25
13 7
13 15
13 21
13 22
13 22
13 14
13 20
13 7
13 27
13 23
13 18
13 4
13 12
13 22
13 14
13 19
13 25
13 21
13 25
13 22
13 19
13 7
13 21
13 7
13 25
13 23
13 23
13 26
13 25
14 7
14 23
14 27
14 23
14 27
14 23
14 19
14 4
14 15
14 19
14 22
14 18
14 22
14 7
14 18
14 15
14 21
14 27
14 7
14 19
14 15
14 23
14 13
14 4
14 18
14 10
14 1
14 15
14 19
14 20
14 15
14 13
14 21
14 23
14 16
14 7
14 7
14 13
14 7
14 4
14 20
14 20
14 23
14 27
14 13
14 7
14 21
14 27
14 27
14 4
14 15
14 4
14 9
14 15
14 19
14 1
14 13
14 23
14 1
14 19
14 12
14 4
14 18
14 4
14 22
14 27
14 11
14 7
14 23
14 28
14 4
14 18
14 20
14 20
14 18
14 7
14 15
14 15
14 18
14 26
14 7
14 20
14 21
14 27
14 22
14 27
14 19
14 13
14 25
14 23
14 27
14 28
14 8
14 7
14 1
14 15
14 21
14 15
14 7
14 22
14 7
14 15
14 21
14 4
14 22
14 1
15 4
15 20
15 13
15 21
15 19
15 4
15 1
15 10
15 8
15 14
15 21
15 10
15 22
15 22
15 1
15 7
15 28
15 22
15 21
15 19
15 14
15 19
15 4
15 7
15 1
15 7
15 4
15 1
15 4
15 14
15 20
15 14
15 19
15 20
15 19
15 25
15 13
15 1
15 7
15 4
15 20
15 14
15 13
15 22
15 21
15 20
15 18
15 10
15 22
15 7
15 19
15 20
15 22
15 21
15 10
15 22
15 12
15 21
15 7
15 7
15 22
15 27
15 4
15 1
15 10
15 14
15 4
15 20
15 20
15 22
15 20
15 20
15 1
15 21
15 7
15 27
15 4
15 19
15 14
15 14
15 14
15 27
15 22
15 10
15 7
15 4
15 4
15 20
15 21
15 7
15 4
15 27
15 4
15 4
15 7
15 14
15 7
15 27
15 20
15 1
15 10
15 4
15 1
15 10
15 19
15 10
15 7
16 12
16 7
16 26
16 19
16 7
16 26
16 26
16 7
16 23
16 28
16 14
16 23
16 7
16 14
16 26
16 28
16 26
16 19
16 7
16 28
16 23
16 14
16 23
16 0
16 7
16 23
16 25
16 23
16 26
16 22
16 23
16 7
16 23
16 26
16 23
16 26
16 28
16 26
16 25
16 23
16 26
16 21
16 26
16 26
16 7
16 8
16 26
16 23
16 7
17 24
17 24
17 12
17 22
17 12
17 24
17 24
17 24
17 12
17 24
17 24
17 12
17 13
17 24
17 24
17 24
17 24
17 24
17 24
17 24
17 12
17 24
17 12
18 13
18 10
18 8
18 19
18 22
18 22
18 14
18 22
18 21
18 21
18 22
18 23
18 13
18 22
18 15
18 4
18 14
18 10
18 4
18 21
18 20
18 20
18 10
18 13
18 21
18 15
18 20
18 13
18 14
18 21
18 26
18 13
18 21
18 22
18 14
18 10
18 19
18 10
18 4
18 21
18 22
18 22
18 14
18 4
18 20
18 7
18 4
18 14
18 4
18 14
18 20
18 13
18 14
18 19
18 10
18 20
18 13
18 14
18 23
18 20
18 10
18 23
18 28
18 21
18 22
18 4
18 19
18 23
18 21
18 7
18 4
18 22
18 4
18 22
18 12
18 10
18 22
19 21
19 13
19 12
19 20
19 10
19 15
19 18
19 22
19 22
19 14
19 21
19 12
19 20
19 7
19 15
19 21
19 20
19 20
19 12
19 10
19 4
19 15
19 21
19 18
19 15
19 26
19 16
19 26
19 18
19 23
19 22
19 15
19 20
19 21
19 25
19 20
19 10
19 7
19 15
19 7
19 1
19 20
19 21
19 10
19 12
19 15
19 14
19 14
19 12
19 7
19 7
19 18
19 13
19 21
19 26
19 13
19 25
19 13
19 10
19 22
19 21
19 21
19 20
19 10
19 26
19 25
19 23
19 27
19 14
19 13
19 22
19 1
19 7
19 25
19 23
19 22
19 13
19 7
19 22
19 12
19 12
19 12
19 14
19 25
19 21
19 13
19 10
19 15
19 12
19 7
19 10
19 21
19 25
19 21
19 12
19 25
20 15
20 19
20 19
20 1
20 25
20 21
20 13
20 10
20 21
20 19
20 7
20 22
20 14
20 15
20 10
20 2
20 14
20 10
20 18
20 4
20 15
20 19
20 18
20 21
20 18
20 10
20 15
20 18
20 4
20 14
20 22
20 14
20 15
20 19
20 21
20 22
20 7
20 4
20 14
20 25
20 19
20 21
20 13
20 1
20 10
20 1
20 19
20 22
20 22
20 17
20 12
20 13
20 14
20 21
20 1
20 1
20 15
20 15
20 7
20 7
20 22
20 13
20 18
20 4
20 3
20 10
20 1
20 5
20 15
20 1
20 15
20 22
20 12
20 22
20 27
20 12
20 13
20 14
20 18
20 13
20 18
20 7
20 14
20 2
20 10
20 18
20 13
20 14
20 10
20 1
20 23
20 13
20 7
20 18
20 10
20 18
20 10
20 22
20 14
20 7
20 14
20 18
20 4
20 15
20 10
20 4
20 13
20 12
20 15
20 1
20 1
20 21
20 18
20 4
20 4
20 18
20 13
20 25
20 25
20 21
21 19
21 12
21 13
21 15
21 19
21 23
21 25
21 19
21 13
21 25
21 20
21 23
21 7
21 25
21 26
21 4
21 18
21 20
21 18
21 19
21 25
21 8
21 13
21 18
21 14
21 23
21 18
21 26
21 25
21 7
21 14
21 22
21 10
21 12
21 15
21 13
21 15
21 12
21 22
21 10
21 15
21 1
21 15
21 7
21 4
21 25
21 15
21 4
21 23
21 25
21 13
21 10
21 26
21 23
21 13
21 26
21 25
21 26
21 19
21 18
21 22
21 19
21 28
21 26
21 10
21 19
21 13
21 12
21 15
21 20
21 13
21 23
21 15
21 14
21 15
21 7
21 19
21 22
21 28
21 26
21 10
21 12
21 14
21 18
21 14
21 22
21 25
21 13
21 20
21 19
21 23
21 18
21 7
21 13
21 10
21 22
21 14
21 10
21 19
21 25
21 20
22 8
22 27
22 23
22 25
22 23
22 21
22 19
22 19
22 20
22 13
22 19
22 18
22 15
22 18
22 13
22 13
22 18
22 15
22 21
22 10
22 20
22 20
22 19
22 20
22 23
22 25
22 27
22 14
22 28
22 21
22 15
22 23
22 28
22 20
22 14
22 20
22 21
22 28
22 7
22 13
22 12
22 27
22 13
22 21
22 15
22 21
22 10
22 15
22 20
22 20
22 23
22 7
22 15
22 13
22 21
22 18
22 18
22 14
22 15
22 14
22 23
22 16
22 28
22 23
22 14
22 27
22 27
22 23
22 13
22 20
22 15
22 13
22 15
22 20
22 12
22 26
22 23
22 13
22 21
22 18
22 23
22 15
22 1
22 21
22 19
22 14
22 27
22 15
22 14
22 15
22 21
22 15
22 23
22 19
22 13
22 14
22 14
22 13
22 19
22 12
22 7
22 13
22 13
22 14
22 25
22 13
22 18
22 14
22 18
22 14
22 18
22 28
22 27
22 18
23 27
23 14
23 28
23 16
23 26
23 7
23 7
23 27
23 22
23 25
23 16
23 16
23 22
23 21
23 28
23 13
23 16
23 27
23 8
23 14
23 13
23 28
23 25
23 25
23 13
23 14
23 20
23 25
23 7
23 26
23 16
23 16
23 26
23 25
23 13
23 14
23 16
23 22
23 22
23 14
23 7
23 16
23 25
23 16
23 25
23 14
23 16
23 7
23 27
23 14
23 22
23 16
23 13
23 14
23 20
23 7
23 16
23 26
23 28
23 22
23 26
23 28
23 25
23 21
23 14
23 28
23 21
23 26
23 22
23 13
23 7
23 27
23 18
23 22
23 28
23 19
23 25
23 16
23 26
23 19
23 25
23 14
23 27
23 13
23 13
23 10
23 18
23 28
23 12
23 18
23 22
23 28
23 28
23 26
23 16
23 22
23 19
23 6
23 7
23 28
23 26
23 27
23 13
23 18
23 21
23 25
23 26
24 27
24 12
24 12
24 17
24 17
24 12
24 17
24 17
24 17
24 17
24 17
24 12
24 17
24 12
24 12
24 10
24 12
24 12
24 27
24 17
24 17
24 12
24 17
24 17
24 17
24 17
24 12
24 17
24 12
24 12
24 12
24 10
25 7
25 23
25 21
25 19
25 19
25 21
25 20
25 7
25 8
25 8
25 10
25 22
25 23
25 23
25 26
25 13
25 19
25 26
25 23
25 7
25 7
25 13
25 13
25 15
25 21
25 8
25 8
25 23
25 16
25 23
25 8
25 0
25 10
25 8
25 8
25 10
25 21
25 15
25 28
25 23
25 21
25 13
25 19
25 13
25 8
25 13
25 26
25 21
25 8
25 19
25 23
25 14
25 19
25 26
25 13
25 14
25 19
25 13
25 21
25 13
25 13
25 23
25 13
25 13
25 8
25 19
25 21
25 12
25 19
25 13
25 7
26 7
26 16
26 19
26 20
26 23
26 25
26 7
26 7
26 16
26 16
26 7
26 22
26 13
26 25
26 16
26 6
26 7
26 7
26 12
26 28
26 28
26 16
26 19
26 18
26 21
26 25
26 27
26 28
26 19
26 10
26 12
26 21
26 13
26 10
26 7
26 28
26 28
26 7
26 16
26 16
26 7
26 23
26 16
26 28
26 19
26 16
26 28
26 28
26 23
26 28
26 28
26 21
26 7
26 13
26 13
26 13
26 21
26 13
26 25
26 28
26 21
26 16
26 23
26 28
26 28
26 12
26 23
26 13
26 16
26 28
27 23
27 14
27 23
27 14
27 23
27 4
27 8
27 22
27 12
27 24
27 21
27 14
27 7
27 28
27 28
27 7
27 7
27 7
27 28
27 4
27 14
27 8
27 14
27 1
27 5
27 4
27 28
27 26
27 20
27 4
27 12
27 21
27 19
27 12
27 23
27 23
27 28
27 4
27 7
27 4
27 23
27 28
27 12
27 20
27 8
27 23
27 28
27 21
27 14
27 22
27 15
27 8
27 4
27 14
27 19
27 12
27 14
27 28
27 7
27 4
27 7
27 28
27 28
27 14
27 4
27 4
27 18
27 8
27 12
27 20
27 28
27 22
27 28
27 7
27 5
27 7
27 28
27 7
28 12
28 16
28 15
28 7
28 7
28 3
28 23
28 16
28 27
28 7
28 12
28 23
28 25
28 22
28 23
28 21
28 22
28 7
28 4
28 26
28 12
28 27
28 4
28 26
28 23
28 14
28 23
28 27
28 12
28 27
28 22
28 7
28 27
28 12
28 23
28 12
28 26
28 22
28 23
28 7
28 23
28 23
28 26
28 7
28 27
28 27
28 22
28 27
28 7
28 5
28 12
28 19
