20 4 20 14 1 20 4 7 11 7
13 26 25 21 19 22 15 22 23 14
28 23 14 7 27 12 19 21 7 21
10 7 16 28 26 7 10 19 25 8
27 22 14 18 20 1 10 11 5 7
5 4 5 4 27 22 23 25 26 7
0 7 21 14 22 18 13 21 15 19
17 12 17 24 17 24 12 17 12 27
16 26 25 21 14 4 1 15 10 8
3 5 10 1 8 27 22 19 20 10
22 20 4 7 6 2 7 26 13 21
25 21 19 12 7 6 7 3 10 5
6 2 10 6 7 0 5 9 1 5
7 4 7 19 15 21 12 20 19 21
26 21 18 13 22 19 25 21 20 13
1 10 18 10 20 21 18 22 15 22
19 13 10 11 0 8 7 26 7 28
4 20 7 28 7 3 2 10 6 7
21 19 10 7 21 14 22 15 22 13
23 26 7 8 25 8 10 20 22 20
14 18 22 15 10 13 18 19 25 13
9 10 5 3 5 10 20 22 12 13
12 19 10 12 27 14 20 22 23 25
18 21 18 19 7 20 1 5 1 9
8 27 12 7 9 1 7 15 1 5
11 5 7 2 3 9 5 4 10 1
2 5 1 15 10 7 3 5 9 4
24 12 19 15 21 7 12 28 23 25
15 13 18 22 23 14 22 15 19 20
17 12 10 8 0 11 7 20 13 15
13 7 15 14 20 10 1 14 15 19
27 22 20 14 1 15 19 20 22 23
21 20 4 20 21 26 23 16 26 23
18 21 22 12 21 18 22 15 10 1
1 7 21 20 18 21 10 3 9 7
20 18 23 16 26 28 23 7 15 4
25 23 27 4 5 9 5 4 9 4
3 7 11 0 8 25 23 13 18 21
0 7 26 19 10 11 0 11 0 8
2 3 9 5 10 4 15 21 20 7
12 13 14 15 13 15 10 7 1 20
28 27 8 25 19 18 23 25 8 10
16 23 25 19 22 21 13 14 7 11
22 12 13 25 21 10 11 10 20 13
5 7 28 27 4 14 20 22 14 4
6 7 15 21 22 28 7 4 20 14
23 26 28 27 12 22 27 8 0 7
24 12 24 17 12 28 16 23 14 27
7 4 1 14 20 12 13 10 5 0
4 14 20 15 22 12 20 1 10 15
26 28 22 12 24 12 17 12 7 11
9 3 7 28 27 22 19 10 19 7
15 20 19 10 21 15 14 27 7 2
14 18 19 12 20 10 9 10 20 7
10 13 19 14 7 2 3 10 5 7
19 22 21 10 13 19 25 13 25 8
8 7 15 1 9 4 5 3 7 2
11 5 7 2 3 9 1 20 19 21
13 10 19 21 13 21 25 21 12 13
10 12 28 23 13 23 14 23 26 25
8 10 21 7 3 5 1 5 4 5
20 22 13 22 14 22 28 23 28 26
17 12 22 15 19 13 22 28 26 7
23 16 26 19 12 21 26 13 21 15
12 7 11 5 2 10 6 10 15 14
11 5 9 1 15 21 7 15 1 10
0 8 25 19 22 18 14 18 4 9
27 14 18 14 27 12 21 22 23 16
5 4 1 7 27 12 17 24 17 24
1 7 19 13 21 20 1 20 15 20
22 12 21 25 13 7 1 7 12 10
7 28 16 7 20 19 12 27 8 10
15 14 7 2 6 10 2 7 13 23
26 28 23 22 14 27 23 22 13 20
6 7 5 9 10 18 19 13 20 21
19 20 4 10 3 10 20 1 5 0
21 13 22 12 27 23 7 4 18 14
18 20 13 10 20 1 10 18 4 9
2 5 9 10 18 20 1 20 4 15
16 23 22 27 7 9 10 11 5 9
9 10 6 7 23 28 12 17 24 17
4 20 18 23 25 23 22 15 4 5
25 21 20 14 23 28 27 12 20 13
28 27 12 27 12 22 12 19 22 14
14 27 22 19 12 21 26 7 6 2
3 7 10 12 19 14 4 1 8 27
24 17 24 17 12 20 10 21 10 21
13 20 22 18 13 25 8 25 8 7
26 25 13 12 17 12 24 17 24 17
21 18 13 10 19 22 21 13 26 25
28 7 1 5 7 23 27 28 22 20
3 7 5 2 10 2 10 20 18 13
5 2 6 7 14 18 23 22 15 1
12 22 21 19 7 3 10 21 18 13
1 20 19 18 10 19 26 7 14 20
9 4 9 4 14 21 14 27 22 15
0 11 10 6 10 9 10 1 9 7
19 18 20 13 20 1 8 27 4 10
14 20 14 13 22 19 13 21 12 27
6 2 3 5 9 10 13 14 27 28
10 8 10 1 5 4 7 27 28 12
4 14 4 7 15 4 10 8 7 14
7 2 10 7 27 4 9 10 0 8
18 4 15 20 21 13 23 13 20 7
22 20 10 2 5 0 5 11 5 2
2 3 10 11 7 10 4 15 20 12
11 7 23 28 22 13 14 27 28 23
24 17 12 24 17 24 12 24 12 22
25 21 25 26 13 19 21 22 15 7
20 7 6 2 7 12 22 27 28 27
8 27 28 7 5 0 7 11 7 0
23 27 14 4 15 20 12 27 4 15
15 21 10 3 5 9 5 10 18 23
16 7 14 21 7 3 5 7 28 23
27 8 1 9 5 1 4 14 20 21
17 12 22 14 1 10 6 2 3 2
18 4 9 4 14 23 7 20 15 7
20 4 7 11 10 20 19 26 13 12
23 26 25 8 25 13 23 13 19 7
22 19 7 19 26 7 27 4 15 19
25 26 13 18 4 14 18 20 4 15
14 22 12 7 10 11 7 5 10 6
5 3 5 0 8 7 6 10 19 26
7 6 10 20 22 13 20 1 7 3
28 12 20 15 1 7 4 5 10 18
1 15 4 9 10 2 5 1 10 8
13 21 18 21 12 13 20 21 12 21
24 12 20 14 7 2 6 10 4 15
10 4 18 14 15 4 27 4 18 19
27 4 27 28 23 14 1 5 2 3
6 7 20 1 10 19 22 23 14 23
26 23 25 8 25 21 18 20 22 28
16 28 22 19 12 13 23 7 23 13
2 6 7 26 7 4 1 8 10 13
15 4 10 1 5 1 4 7 11 5
11 5 4 18 21 12 7 0 10 6
4 15 13 10 15 21 12 7 5 3
9 1 8 25 13 19 14 18 21 22
19 13 23 18 22 28 7 5 7 27
17 24 12 17 24 17 24 17 24 17
12 10 5 9 3 9 4 5 10 19
3 7 2 5 1 4 10 19 10 15
21 12 19 25 13 7 16 28 7 27
8 0 5 11 0 10 5 2 7 15
0 7 23 14 4 15 10 7 2 6
