14 10 13 21 10 27 11 15 11 10
17 23 15 1 27 11 7 25 23 22
18 8 11 0 1 14 1 7 3 8
11 13 22 28 7 14 15 13 4 21
15 13 8 11 0 11 27 22 24 19
22 7 15 13 16 0 20 22 28 1
1 3 5 10 25 13 25 22 24 10
19 13 1 7 24 8 28 8 0 26
27 3 10 16 28 7 22 24 19 7
6 10 28 14 27 19 12 14 15 20
20 18 22 15 11 9 8 3 2 7
21 23 28 21 20 0 8 1 10 18
13 14 18 13 25 13 11 5 1 19
3 6 3 27 1 3 2 1 0 8
26 19 20 5 20 18 8 25 21 25
4 10 12 21 28 3 1 13 16 27
23 27 8 27 19 20 18 10 13 16
16 8 28 22 5 2 6 10 24 19
25 27 23 7 1 8 2 10 25 28
12 25 28 5 4 20 15 0 26 27
24 17 10 25 5 23 25 0 11 16
8 16 14 20 7 2 10 28 1 27
5 10 6 8 0 15 10 15 9 15
9 4 27 26 16 28 26 0 10 14
7 28 21 4 28 23 8 23 17 18
0 15 23 22 10 15 10 9 3 8
10 16 7 0 8 2 5 2 3 7
2 5 10 1 7 6 10 4 26 18
28 1 3 27 20 4 0 4 0 26
4 5 26 4 20 18 20 4 10 21
7 1 8 0 11 16 7 13 21 26
0 10 1 21 11 13 12 18 21 25
1 27 4 26 13 16 0 13 21 23
14 15 12 22 26 7 0 5 7 13
21 19 20 18 8 24 10 27 7 14
9 8 10 22 10 7 0 21 7 0
13 21 13 22 13 20 23 27 12 10
6 7 15 22 14 4 14 7 1 2
11 9 8 11 5 4 5 20 5 21
3 6 2 7 10 18 21 7 6 7
22 27 14 4 3 27 26 7 12 18
2 10 26 0 15 21 18 22 20 13
15 12 23 19 27 20 12 15 13 4
20 26 12 22 28 4 22 26 25 26
24 10 6 2 8 17 23 17 23 12
27 19 27 23 15 4 22 5 9 1
17 7 5 2 8 27 25 13 15 11
25 14 15 22 15 22 20 21 4 15
23 19 26 18 0 26 25 14 25 15
5 21 4 27 12 7 18 25 23 21
12 27 8 18 0 16 14 13 15 22
10 22 20 15 25 19 15 7 1 15
26 16 0 8 24 23 28 16 27 7
16 13 18 17 8 3 9 3 27 11
8 2 5 6 10 25 26 14 12 7
18 12 7 10 27 14 16 14 26 16
19 15 8 10 13 21 1 9 3 9
28 14 19 15 7 3 28 1 2 7
3 1 21 26 16 11 9 3 6 10
22 7 16 11 27 1 20 15 10 27
15 19 14 22 13 26 7 22 18 12
27 20 0 13 0 13 22 4 1 18
11 0 18 7 27 12 20 4 0 21
1 2 1 15 21 1 8 11 4 0
20 26 10 8 1 6 1 9 11 7
13 14 26 0 5 23 5 23 18 19
23 25 8 24 17 12 19 7 18 4
17 8 13 18 10 20 22 19 14 4
6 8 24 23 19 23 22 7 25 14
19 12 15 0 20 13 11 16 23 12
16 15 8 23 13 8 24 10 20 0
5 20 1 0 7 12 15 7 11 9
4 5 25 28 26 12 15 4 21 22
28 3 6 3 6 5 1 21 18 4
9 5 11 0 13 14 25 18 22 25
8 11 4 3 1 20 23 26 25 26
26 28 21 15 25 22 12 20 15 12
18 17 7 4 3 7 15 7 23 15
25 0 21 12 20 1 3 1 20 23
0 4 7 13 12 23 24 17 15 25
7 23 10 7 16 7 5 4 26 14
21 22 27 12 7 12 19 21 22 12
2 1 21 20 10 19 15 20 23 10
12 10 11 8 3 1 7 18 19 22
24 22 18 17 7 15 1 13 7 23
10 1 13 1 3 10 8 23 8 0
14 15 13 7 16 26 25 8 16 13
20 1 9 15 4 18 21 12 7 13
1 27 26 27 11 15 10 14 7 2
8 22 26 23 13 25 23 16 0 13
27 14 18 26 5 19 12 10 27 26
9 10 11 9 4 7 18 21 1 15
3 27 4 0 4 5 26 23 18 23
25 10 23 27 20 13 12 19 5 11
24 19 12 21 11 27 3 8 16 10
7 27 1 2 7 6 5 23 8 23
23 7 24 23 8 23 21 23 18 4
5 20 21 20 22 27 19 12 10 1
15 19 22 12 10 7 14 10 19 12
10 15 20 10 20 1 0 1 21 10
13 22 26 7 1 21 1 4 13 22
0 21 19 25 28 26 25 28 7 4
21 1 28 1 27 23 7 25 18 7
18 15 17 10 8 1 4 27 28 1
12 13 1 21 11 13 23 19 12 22
6 8 18 1 21 1 6 10 9 5
28 1 19 25 18 0 20 7 25 26
19 25 19 23 16 18 4 10 8 0
16 28 21 26 16 26 21 28 22 8
26 21 12 10 4 7 26 20 21 22
22 25 15 21 1 28 1 18 0 20
4 28 25 19 7 22 4 21 25 26
2 7 21 0 20 27 25 8 28 12
14 21 7 14 16 8 13 14 20 15
17 18 16 11 21 13 19 25 19 23
11 5 1 7 3 27 22 21 22 23
5 23 26 18 17 10 6 7 12 26
2 8 15 0 25 12 27 8 15 12
6 10 22 8 2 1 14 19 1 13
4 1 27 26 22 28 25 26 27 1
8 9 7 20 21 28 12 17 23 16
20 0 5 11 16 23 14 23 20 21
11 10 21 19 13 20 22 5 7 15
22 12 16 8 13 1 14 10 19 4
23 16 18 25 5 10 7 21 11 0
1 8 0 7 27 28 25 21 28 1
24 19 18 23 28 3 28 23 16 10
12 25 14 7 10 25 22 13 19 13
28 10 28 3 28 26 13 19 26 4
0 18 20 1 4 18 8 17 18 23
13 25 19 10 2 5 21 25 28 14
9 7 16 28 16 26 22 25 0 8
26 4 18 23 24 10 19 4 20 21
3 10 8 17 8 25 10 24 7 18
17 23 20 5 6 8 9 1 3 6
15 8 15 18 12 14 4 28 21 15
25 7 16 10 8 16 13 23 7 19
19 1 0 7 5 0 26 18 0 13
7 8 25 5 21 1 14 4 21 0
16 14 28 25 19 22 8 17 15 0
10 26 21 22 24 23 21 15 16 15
21 28 25 0 4 5 2 1 19 21
14 27 10 22 18 20 4 27 1 13
27 12 27 16 12 15 21 23 17 7
18 4 14 7 17 15 20 15 20 23
