9 1 20 12 22 15 0 4 18 5
24 17 12 21 13 16 5 2 5 23
14 27 28 23 25 5 20 12 21 22
15 0 7 9 4 18 7 4 18 13
26 18 13 21 7 16 5 21 7 4
22 13 21 14 15 0 5 15 1 20
16 13 25 23 27 22 10 21 13 5
3 2 5 0 7 23 26 23 22 14
2 6 2 10 19 15 5 14 4 0
1 14 27 23 22 12 21 25 26 5
19 21 22 23 15 4 15 10 13 0
27 18 27 18 5 28 5 26 5 22
7 16 7 20 21 5 4 20 15 4
0 10 8 10 9 10 19 14 4 9
18 23 15 7 8 7 3 7 1 15
6 7 3 7 10 20 19 21 25 23
28 5 14 5 20 12 13 22 8 22
5 21 19 26 5 16 23 5 26 18
21 14 15 11 1 4 18 26 27 18
11 2 7 16 15 13 21 10 15 0
10 21 7 22 27 28 5 18 26 19
25 19 20 13 12 22 8 7 23 25
8 2 6 2 3 10 3 10 19 7
4 18 5 19 21 15 7 8 25 27
13 22 28 27 22 10 11 1 0 5
20 19 20 1 9 7 11 13 23 18
23 27 18 21 7 4 11 15 18 7
12 27 25 13 20 14 21 12 19 26
17 12 13 10 20 7 5 10 20 18
7 22 15 1 20 14 27 22 13 0
11 10 6 10 22 21 25 27 23 18
17 12 19 18 28 18 4 9 10 15
14 11 4 20 7 16 13 25 23 16
22 12 19 20 15 4 14 12 22 23
25 8 22 10 2 3 7 21 14 21
10 9 7 23 22 10 7 23 27 28
3 2 6 2 11 13 19 15 10 21
0 5 20 22 19 15 1 4 20 7
1 4 10 7 0 7 23 22 10 3
28 22 12 21 20 15 13 19 26 19
26 19 5 26 5 22 12 22 15 13
21 10 13 10 0 7 21 13 12 14
9 7 18 15 23 12 28 12 20 19
12 23 26 21 13 16 7 18 23 15
15 16 23 16 5 2 6 10 0 15
24 17 24 17 24 17 12 24 12 19
5 15 13 23 14 1 10 0 10 3
13 10 22 8 7 10 9 4 1 14
23 22 10 19 10 15 4 11 1 10
6 10 15 7 2 10 22 8 15 8
19 12 28 5 14 4 11 15 18 15
2 6 10 21 26 25 8 2 10 20
27 25 21 26 13 19 22 21 14 13
16 13 25 26 21 18 15 23 26 18
18 28 22 28 18 7 4 20 22 12
4 15 14 22 5 20 4 0 4 10
20 7 6 10 19 20 12 17 12 17
8 7 21 12 24 12 22 7 1 0
0 11 10 3 7 1 5 16 23 7
27 18 20 7 3 7 23 16 13 14
15 5 4 18 20 7 5 7 4 5
7 8 15 22 5 22 10 5 16 23
25 26 27 28 23 16 7 16 13 0
11 15 20 13 20 5 19 7 8 22
14 12 13 15 16 15 5 10 1 10
4 7 19 26 28 23 14 23 14 11
19 18 26 5 1 7 4 18 14 20
20 18 20 13 21 15 11 2 10 8
16 15 7 18 4 14 23 18 13 5
18 22 10 0 11 1 5 28 22 27
9 10 19 10 21 10 13 16 15 18
28 22 27 26 18 21 10 2 8 10
6 7 11 5 13 23 16 13 23 14
13 14 4 7 2 7 16 23 15 16
23 28 22 28 5 18 5 14 1 15
5 11 15 19 22 28 27 22 12 27
2 7 19 14 5 1 7 23 13 16
12 19 18 28 27 12 21 19 12 19
1 10 22 21 5 1 7 21 22 23
3 7 9 7 9 10 5 4 7 23
8 2 10 8 22 15 21 26 18 5
10 6 7 16 15 19 26 19 7 6
24 12 14 22 18 15 22 21 14 19
21 14 23 22 15 19 15 8 10 20
17 12 13 16 5 1 14 19 25 19
22 28 23 12 13 15 8 10 15 16
26 21 25 27 28 18 19 5 10 15
15 1 0 13 11 5 20 1 0 10
6 10 1 7 3 7 2 6 2 7
8 2 6 2 5 1 7 9 7 1
13 26 27 23 26 25 26 28 22 14
28 27 18 19 12 22 19 14 13 10
22 10 1 10 8 15 19 10 21 12
2 3 5 23 15 8 25 26 21 20
18 4 15 4 7 13 23 12 17 24
4 9 10 4 14 15 21 14 12 27
7 23 13 21 7 20 5 2 7 1
26 19 13 14 19 20 7 6 2 10
3 7 9 1 15 10 13 25 19 21
9 7 13 15 19 7 0 7 16 13
1 11 14 23 22 21 7 20 18 21
10 22 21 26 19 26 13 12 20 19
24 12 21 18 27 23 13 20 5 0
11 2 11 14 4 10 7 1 9 4
25 13 25 21 22 27 22 19 14 19
5 26 23 18 13 12 28 18 5 13
19 20 19 20 4 0 15 13 10 4
17 12 23 14 12 19 22 10 6 7
23 12 27 14 13 5 14 21 18 26
27 26 23 28 27 28 22 28 12 14
12 14 13 11 14 27 26 23 18 4
20 15 14 20 22 15 13 0 5 25
21 25 19 5 11 0 5 18 26 19
0 7 8 25 13 23 16 13 26 27
14 20 12 24 17 24 17 24 17 12
16 5 18 23 26 21 20 1 10 0
11 13 20 13 20 15 14 18 27 23
25 13 16 23 28 23 28 27 22 13
7 16 23 27 23 26 25 8 10 6
14 19 10 13 10 13 22 28 18 23
2 7 11 14 13 21 12 15 13 11
26 28 26 27 25 19 25 13 5 13
1 10 19 5 3 5 7 3 5 4
16 15 0 7 23 7 18 5 11 2
5 7 22 10 5 1 5 25 8 10
22 12 22 15 8 7 0 11 14 18
8 22 20 18 7 10 1 11 2 10
3 10 19 10 13 7 11 4 15 16
15 13 22 15 22 21 5 16 15 20
24 17 24 17 24 17 24 12 17 12
4 7 11 5 25 5 25 5 13 14
21 14 12 22 10 22 27 22 5 13
13 15 10 1 9 7 13 22 21 25
20 10 1 7 11 7 4 5 1 10
6 10 3 10 4 0 1 20 12 17
19 20 4 20 19 15 1 0 7 16
0 4 0 10 21 25 23 15 23 25
17 12 15 11 1 0 15 10 3 5
12 17 12 21 19 22 27 25 5 14
23 18 4 15 11 13 25 27 28 26
9 7 19 25 23 25 21 10 0 5
18 21 14 27 14 5 20 13 14 1
27 26 5 4 0 13 12 28 22 28
28 5 0 13 0 7 21 15 13 5
10 9 1 10 1 15 1 20 22 18
